      0/99     4.95G   0.06323    0.0124         0   0.07562         3       640    0.5686    0.3341    0.3206   0.06822   0.07205   0.01884         0
      1/99     5.99G   0.05392   0.01011         0   0.06404         1       640    0.6057    0.4475    0.4381    0.1815     0.064   0.01939         0
      2/99     5.99G   0.05558  0.009029         0   0.06461         1       640    0.6842     0.501    0.5561    0.2381   0.06369   0.01788         0
      3/99     5.99G    0.0539   0.00874         0   0.06264         3       640    0.7387    0.5206    0.5575     0.216    0.0673   0.01684         0
      4/99     5.99G   0.05084  0.008935         0   0.05977         5       640    0.6973    0.5842    0.6189    0.2569   0.05738   0.01841         0
      5/99     5.99G   0.04879  0.008762         0   0.05755         2       640    0.7751    0.6209    0.6598    0.3262    0.0532   0.01904         0
      6/99     5.99G   0.04652  0.008519         0   0.05504         3       640    0.7106    0.6574    0.6745    0.2868   0.05502   0.01836         0
      7/99     5.99G   0.04534  0.008596         0   0.05394         4       640    0.8331    0.6851    0.7437    0.3596   0.04901    0.0184         0
      8/99     5.99G   0.04493  0.008384         0   0.05332         2       640    0.8316    0.6475    0.7337    0.3593   0.04577   0.01984         0
      9/99     5.99G   0.04322  0.008221         0   0.05144         2       640    0.8398    0.6747     0.742    0.3622   0.05009   0.01827         0
     10/99     5.99G   0.04247  0.008043         0   0.05051         0       640    0.8696    0.6891    0.7783    0.3977    0.0471   0.01849         0
     11/99     5.99G   0.04114  0.007872         0   0.04901         3       640     0.895    0.6792    0.7547    0.3933   0.04544   0.02019         0
     12/99     5.99G   0.04195  0.008116         0   0.05006         2       640    0.8606     0.701    0.7734    0.3869   0.05228   0.01674         0
     13/99     5.99G   0.04088  0.008103         0   0.04898         0       640    0.8647     0.697    0.7606    0.3886   0.04673   0.01877         0
     14/99     5.99G   0.03991   0.00803         0   0.04794         2       640    0.8958    0.7327    0.8084    0.4218   0.04322    0.0199         0
     15/99     5.99G   0.03946  0.007885         0   0.04735         3       640    0.8313    0.7223    0.7723    0.4011   0.04177   0.02001         0
     16/99     5.99G   0.03974  0.007892         0   0.04763         6       640    0.8557    0.7426    0.8004    0.4156   0.04254   0.01954         0
     17/99     5.99G   0.03753  0.007414         0   0.04494         1       640      0.88    0.7112    0.7919    0.4175   0.04109   0.02011         0
     18/99     5.99G   0.03781  0.007355         0   0.04516         0       640    0.8707    0.7208     0.789    0.4152   0.04054   0.01981         0
     19/99     5.99G   0.03814  0.007211         0   0.04535         2       640    0.8911     0.703    0.7937    0.4304   0.04086   0.02049         0
     20/99     5.99G    0.0374  0.007467         0   0.04487         2       640    0.9025    0.7525    0.8222     0.456   0.04028   0.01986         0
     21/99     5.99G   0.03716  0.007324         0   0.04448         1       640    0.9185     0.695    0.8012     0.429   0.04095   0.01944         0
     22/99     5.99G     0.037  0.007302         0    0.0443         3       640    0.8603    0.7564    0.8033    0.4373   0.04027   0.01889         0
     23/99     5.99G   0.03593  0.007452         0   0.04339         2       640    0.9103    0.7465    0.8168     0.474   0.03961   0.01894         0
     24/99     5.99G   0.03466  0.007125         0   0.04178         0       640    0.9018    0.7485    0.8387    0.4742   0.03883   0.01898         0
     25/99     5.99G   0.03496  0.006864         0   0.04182         5       640    0.8876    0.7505    0.8291    0.4446   0.04006    0.0182         0
     26/99     5.99G   0.03429  0.006903         0   0.04119         0       640    0.8928    0.7424    0.8073     0.466   0.04018   0.01873         0
     27/99     5.99G   0.03488  0.006838         0   0.04171         8       640    0.9025    0.7699    0.8412    0.4694   0.03937   0.01834         0
     28/99     5.99G   0.03441  0.006676         0   0.04108         0       640    0.8987    0.7564    0.8311    0.4645   0.03896   0.01917         0
     29/99     5.99G   0.03403  0.006734         0   0.04076         3       640    0.8969    0.7406    0.7996    0.4488   0.04064    0.0186         0
     30/99     5.99G    0.0336  0.006649         0   0.04025         2       640    0.9268    0.7524    0.8356    0.4785   0.03921    0.0191         0
     31/99     5.99G   0.03285  0.006591         0   0.03944         0       640    0.8804    0.7583    0.8192    0.4918    0.0378   0.01932         0
     32/99     5.99G   0.03305  0.006315         0   0.03937         0       640    0.9225    0.7545    0.8332    0.4853    0.0364   0.01983         0
     33/99     5.99G   0.03284  0.006372         0   0.03921         1       640     0.861    0.7604    0.8361    0.4788   0.03691   0.01891         0
     34/99     5.99G   0.03215  0.006532         0   0.03868         2       640    0.8679    0.7842    0.8323    0.4944   0.03694   0.01949         0
     35/99     5.99G   0.03143  0.006325         0   0.03775         4       640    0.8831    0.7781    0.8443    0.4881   0.03541   0.01978         0
     36/99     5.99G   0.03156  0.006333         0    0.0379         0       640    0.9284    0.7706    0.8396     0.501   0.03627   0.01947         0
     37/99     5.99G   0.03153  0.006158         0   0.03768         8       640     0.864    0.7822    0.8318    0.4847   0.03649   0.01941         0
     38/99     5.99G   0.03196  0.006133         0    0.0381         5       640    0.8912    0.7782    0.8348    0.5026   0.03674   0.01887         0
     39/99     5.99G   0.03085  0.006454         0   0.03731         1       640    0.9042    0.7564    0.8355    0.4975   0.03576   0.01882         0
     40/99     5.99G   0.03086  0.006022         0   0.03688         6       640    0.8507    0.7802    0.8406    0.5002   0.03613    0.0201         0
     41/99     5.99G   0.03018  0.005903         0   0.03608         3       640    0.9021    0.7485    0.8385      0.48   0.03573   0.01966         0
     42/99     5.99G   0.03034  0.006066         0   0.03641         1       640    0.8877    0.7979    0.8584    0.5134   0.03444   0.01935         0
     43/99     5.99G   0.02948  0.005816         0    0.0353         0       640    0.8713    0.7643    0.8292    0.4963   0.03569   0.01995         0
     44/99     5.99G   0.02977  0.005963         0   0.03573         3       640    0.8917    0.7663    0.8358    0.4978   0.03464   0.01976         0
     45/99     5.99G   0.02968  0.005854         0   0.03553        19       640    0.8964    0.7723    0.8292     0.485    0.0355    0.0203         0
     46/99     5.99G   0.02893  0.005803         0   0.03474         1       640    0.8811    0.8099    0.8593    0.5105   0.03485   0.01979         0
     47/99     5.99G    0.0289  0.005772         0   0.03467         1       640    0.9039    0.7842    0.8518    0.5165   0.03355   0.01994         0
     48/99     5.99G    0.0292  0.005883         0   0.03509         5       640    0.8734    0.8197    0.8556    0.4934   0.03404   0.02023         0
     49/99     5.99G   0.02848   0.00581         0   0.03429         1       640    0.9181    0.7996     0.878    0.5119   0.03387   0.01971         0
     50/99     5.99G    0.0281  0.005952         0   0.03405         1       640    0.9135     0.796    0.8598    0.5114   0.03386   0.01982         0
     51/99     5.99G   0.02766  0.005715         0   0.03338        17       640    0.8769    0.8039    0.8593    0.5193   0.03277   0.02023         0
     52/99     5.99G   0.02839  0.005605         0     0.034         7       640    0.9047    0.7901     0.872    0.5121   0.03411   0.01973         0
     53/99     5.99G   0.02787  0.005717         0   0.03359         2       640    0.9067    0.7503    0.8386    0.5141   0.03365   0.02061         0
     54/99     5.99G   0.02765  0.005689         0   0.03334         1       640    0.9022    0.7857    0.8576     0.516   0.03382   0.02026         0
     55/99     5.99G   0.02704  0.005678         0   0.03272         3       640    0.9183    0.8012    0.8667    0.5207   0.03443    0.0201         0
     56/99     5.99G   0.02684  0.005542         0   0.03238         1       640    0.9177     0.798     0.869    0.5178   0.03373   0.02011         0
     57/99     5.99G   0.02667  0.005535         0   0.03221         7       640    0.8931     0.794    0.8499    0.5102   0.03429    0.0198         0
     58/99     5.99G   0.02676  0.005373         0   0.03214         2       640    0.9103    0.7839    0.8598    0.5304   0.03314   0.02018         0
     59/99     5.99G   0.02617  0.005461         0   0.03163        14       640    0.9293    0.7822    0.8648    0.5304   0.03321   0.02022         0
     60/99     5.99G   0.02592  0.005323         0   0.03125         3       640    0.8862     0.802    0.8551    0.5303   0.03259   0.02018         0
     61/99     5.99G    0.0263  0.005408         0   0.03171         2       640    0.9274    0.7663    0.8702    0.5332   0.03254   0.01984         0
     62/99     5.99G   0.02545  0.005342         0   0.03079         2       640     0.931    0.7762    0.8632     0.524   0.03285   0.02011         0
     63/99     5.99G   0.02541  0.005448         0   0.03086         2       640    0.8867    0.8218    0.8764    0.5295   0.03299   0.02068         0
     64/99     5.99G   0.02524  0.005287         0   0.03053         3       640    0.8932     0.798    0.8602    0.5324    0.0325   0.02016         0
     65/99     5.99G   0.02492   0.00534         0   0.03026         1       640    0.9367    0.7623    0.8661    0.5282   0.03269   0.02055         0
     66/99     5.99G   0.02484  0.005256         0    0.0301         3       640    0.9186    0.7842    0.8658    0.5302   0.03259   0.02021         0
     67/99     5.99G   0.02479  0.005105         0    0.0299         1       640    0.8875    0.8125    0.8642    0.5216    0.0326   0.02065         0
     68/99     5.99G   0.02429  0.005068         0   0.02935         3       640    0.8857    0.8317    0.8722    0.5232   0.03282   0.02093         0
     69/99     5.99G     0.024   0.00527         0   0.02927         1       640    0.8934    0.8295    0.8838    0.5271   0.03253   0.02042         0
     70/99     5.99G   0.02408  0.005213         0   0.02929         2       640    0.8929    0.8099    0.8574    0.5347   0.03221    0.0209         0
     71/99     5.99G     0.024  0.005202         0    0.0292         0       640    0.8978    0.8173    0.8673    0.5497   0.03159   0.02051         0
     72/99     5.99G   0.02389  0.005094         0   0.02898         0       640    0.8888    0.8238    0.8739    0.5325   0.03228   0.02038         0
     73/99     5.99G   0.02329  0.004867         0   0.02816         0       640    0.9149    0.7876     0.865    0.5389   0.03178   0.02055         0
     74/99     5.99G   0.02355  0.005033         0   0.02858         6       640    0.9117    0.8175    0.8776     0.531   0.03214   0.02074         0
     75/99     5.99G   0.02305  0.004882         0   0.02793         2       640     0.931     0.802    0.8718    0.5377   0.03203   0.02071         0
     76/99     5.99G   0.02327  0.005075         0   0.02835         1       640    0.8916    0.8311    0.8752    0.5369   0.03205    0.0209         0
     77/99     5.99G   0.02257  0.004834         0   0.02741         3       640    0.9306     0.798    0.8644    0.5377   0.03201   0.02082         0
     78/99     5.99G   0.02238  0.004819         0    0.0272         4       640    0.9175    0.8158    0.8798    0.5393   0.03178   0.02071         0
     79/99     5.99G   0.02286  0.004862         0   0.02772         4       640    0.8886    0.8059    0.8533    0.5329   0.03169   0.02125         0
     80/99     5.99G   0.02181  0.004676         0   0.02648         0       640    0.9208    0.8058    0.8788    0.5507   0.03127   0.02075         0
     81/99     5.99G   0.02211  0.004943         0   0.02705         0       640    0.9139       0.8    0.8652    0.5391   0.03137   0.02093         0
     82/99     5.99G   0.02205   0.00475         0    0.0268         6       640     0.937     0.796    0.8724    0.5369   0.03169    0.0211         0
     83/99     5.99G   0.02192  0.004578         0    0.0265         0       640    0.9031    0.8119    0.8641    0.5468   0.03149   0.02124         0
     84/99     5.99G     0.022  0.004716         0   0.02672         0       640    0.8918    0.8178    0.8558    0.5387   0.03158    0.0212         0
     85/99     5.99G   0.02127  0.004763         0   0.02603         4       640    0.9123     0.804    0.8645    0.5466   0.03131   0.02144         0
     86/99     5.99G   0.02137  0.004688         0   0.02606         2       640    0.9255    0.7875    0.8589    0.5459   0.03171   0.02147         0
     87/99     5.99G   0.02137  0.004903         0   0.02627         3       640    0.9309       0.8    0.8757    0.5482   0.03114   0.02109         0
     88/99     5.99G   0.02148  0.004725         0   0.02621        16       640    0.9313    0.8059    0.8702    0.5433   0.03108   0.02115         0
     89/99     5.99G   0.02098   0.00451         0   0.02549         2       640    0.9141    0.8218    0.8717    0.5428   0.03124   0.02149         0
     90/99     5.99G   0.02107  0.004565         0   0.02564         1       640    0.9107    0.8277    0.8804    0.5451   0.03146    0.0214         0
     91/99     5.99G   0.02136  0.004539         0    0.0259         0       640    0.8959    0.8177    0.8664    0.5495   0.03089    0.0215         0
     92/99     5.99G   0.02119  0.004838         0   0.02602         2       640    0.9286       0.8    0.8663    0.5519   0.03074   0.02126         0
     93/99     5.99G    0.0206  0.004682         0   0.02528         8       640    0.9281    0.8177    0.8734    0.5484   0.03051   0.02151         0
     94/99     5.99G   0.02095  0.004672         0   0.02562         2       640    0.9175    0.8158    0.8713    0.5468   0.03126   0.02111         0
     95/99     5.99G   0.02093   0.00471         0   0.02564         3       640    0.9258    0.8156    0.8771    0.5531   0.03142   0.02151         0
     96/99     5.99G   0.02046  0.004557         0   0.02502         2       640    0.9121    0.8217    0.8781    0.5545   0.03167   0.02163         0
     97/99     5.99G   0.02079  0.004501         0    0.0253         0       640    0.9189    0.8078    0.8811    0.5471   0.03126   0.02173         0
     98/99     5.99G   0.02033  0.004601         0   0.02493         1       640    0.9071    0.8118    0.8729    0.5484   0.03115   0.02178         0
     99/99     5.99G   0.02041  0.004551         0   0.02496         2       640    0.9264    0.7979    0.8753    0.5508   0.03069   0.02158         0
